
power = 2140.11285417136
throughput = 11298.97
composite = 4917.42523439823
